0.947674 -0.00867282 -0.319121 -0.906503
0.0903681 0.966032 0.242107 1.52262
0.306182 -0.258276 0.916268 -1.33533

0.94768 -0.00806982 -0.319121 -0.906503
0.0897534 0.966089 0.242106 1.52262
0.306346 -0.258082 0.916268 -1.33533

0.947683 -0.00763919 -0.319121 -0.906503
0.0893144 0.96613 0.242106 1.52262
0.306463 -0.257942 0.916268 -1.33533

0.947683 -0.00763919 -0.319121 -0.906503
0.0893144 0.96613 0.242106 1.52262
0.306463 -0.257942 0.916268 -1.33533

0.947683 -0.00763919 -0.319121 -0.906503
0.0893144 0.96613 0.242106 1.52262
0.306463 -0.257942 0.916268 -1.33533

0.947683 -0.00763919 -0.319121 -0.906503
0.0893144 0.96613 0.242106 1.52262
0.306463 -0.257942 0.916268 -1.33533

0.947686 -0.00729474 -0.319121 -0.906503
0.0889632 0.966163 0.242106 1.52262
0.306557 -0.257831 0.916268 -1.33533

0.947686 -0.00729474 -0.319121 -0.906503
0.0889632 0.966163 0.242106 1.52262
0.306557 -0.257831 0.916268 -1.33533

0.947683 -0.00763948 -0.319121 -0.906503
0.0893147 0.96613 0.242106 1.52262
0.306463 -0.257942 0.916268 -1.33533

0.947677 -0.00841514 -0.319121 -0.906503
0.0901054 0.966057 0.242106 1.52262
0.306252 -0.258193 0.916268 -1.33533

0.947664 -0.0097076 -0.319121 -0.906503
0.0914229 0.965933 0.242107 1.52262
0.305899 -0.258611 0.916268 -1.33533

0.947644 -0.0115168 -0.319121 -0.906503
0.0932668 0.965757 0.242107 1.52262
0.305405 -0.259194 0.916268 -1.33533

0.947617 -0.0135846 -0.319121 -0.906503
0.0953739 0.965551 0.242107 1.52262
0.304839 -0.25986 0.916268 -1.33533

0.947586 -0.0155661 -0.319121 -0.906503
0.0973927 0.965349 0.242107 1.52262
0.304295 -0.260497 0.916267 -1.33533

0.947556 -0.017289 -0.319121 -0.906503
0.0991478 0.965171 0.242107 1.52262
0.303821 -0.26105 0.916267 -1.33533

0.947572 -0.0164278 -0.319121 -0.906503
0.0982706 0.96526 0.242107 1.52262
0.304058 -0.260774 0.916267 -1.33533

0.947556 -0.0172892 -0.319121 -0.906503
0.0991481 0.96517 0.242107 1.52262
0.30382 -0.26105 0.916267 -1.33533

0.947525 -0.0189259 -0.319121 -0.906503
0.100815 0.964998 0.242107 1.52262
0.303369 -0.261574 0.916267 -1.33533

0.947518 -0.0192706 -0.319121 -0.906503
0.101166 0.964961 0.242107 1.52262
0.303274 -0.261685 0.916267 -1.33533

0.947535 -0.0187111 -0.319103 -0.906503
0.100289 0.965281 0.241194 1.52262
0.303511 -0.260543 0.916514 -1.33533

0.948483 -0.0180663 -0.316314 -0.906503
0.0984471 0.965758 0.240039 1.52262
0.301146 -0.258813 0.917784 -1.33533

0.950327 -0.0180799 -0.310727 -0.906503
0.0960895 0.966589 0.237639 1.52262
0.296048 -0.255692 0.920313 -1.33533

0.952652 -0.0176978 -0.303546 -0.906503
0.0928276 0.967572 0.234919 1.52262
0.289545 -0.251973 0.923403 -1.33533

0.954943 -0.0187603 -0.296196 -0.906503
0.0910438 0.9684 0.232191 1.52262
0.282481 -0.248696 0.926475 -1.33533

0.957157 -0.020845 -0.288818 -0.906503
0.0902509 0.969199 0.229145 1.52262
0.275146 -0.245394 0.929557 -1.33533

0.959374 -0.0261875 -0.280918 -0.906503
0.0913516 0.970878 0.221472 1.52262
0.266938 -0.238137 0.933828 -1.33533

0.961528 -0.027649 -0.273313 -0.906503
0.0883692 0.97317 0.212439 1.52262
0.260107 -0.228418 0.938174 -1.33533

0.963355 -0.030348 -0.266506 -0.906503
0.0869616 0.975249 0.20329 1.52262
0.25374 -0.219017 0.942151 -1.33533

0.965055 -0.0329803 -0.259964 -0.906503
0.0856788 0.977236 0.194085 1.52262
0.247645 -0.209576 0.945912 -1.33533

0.9665 -0.0359021 -0.254144 -0.906503
0.0849606 0.979099 0.184788 1.52262
0.242198 -0.200189 0.949349 -1.33533

0.967884 -0.0389424 -0.248363 -0.906503
0.0844883 0.980854 0.175462 1.52262
0.236775 -0.19081 0.952643 -1.33533

0.969227 -0.0421015 -0.242543 -0.906503
0.0842477 0.982501 0.166117 1.52262
0.231305 -0.181438 0.955813 -1.33533

0.970547 -0.0449386 -0.236685 -0.906503
0.0837923 0.984077 0.156754 1.52262
0.225872 -0.171969 0.958858 -1.33533

0.971836 -0.0476293 -0.230793 -0.906503
0.0833005 0.985567 0.147373 1.52262
0.220443 -0.162447 0.961777 -1.33533

0.973079 -0.0505266 -0.224866 -0.90668
0.0831307 0.986941 0.137976 1.52273
0.214958 -0.152954 0.964571 -1.33457

0.974301 -0.0530996 -0.218904 -0.90687
0.0827449 0.988243 0.128564 1.52284
0.209504 -0.143373 0.96724 -1.33373

0.975478 -0.0557906 -0.212909 -0.907071
0.0825921 0.989437 0.119138 1.52295
0.204014 -0.133801 0.969781 -1.33282

0.97662 -0.0584221 -0.206882 -0.907283
0.0824926 0.990536 0.109699 1.52307
0.198515 -0.124201 0.972197 -1.33182

0.977901 -0.0609896 -0.199975 -0.907503
0.0823553 0.991541 0.100321 1.52318
0.192165 -0.114573 0.974652 -1.33075

0.979227 -0.0634862 -0.192572 -0.907731
0.0822339 0.992452 0.0909718 1.52328
0.185343 -0.104918 0.977057 -1.32959

0.980646 -0.0659056 -0.184363 -0.907948
0.0821095 0.993271 0.0816775 1.52338
0.17774 -0.0952347 0.979459 -1.32844

0.982056 -0.0682419 -0.175811 -0.908156
0.082033 0.993996 0.0724004 1.52347
0.169815 -0.0855236 0.981758 -1.32728

0.983481 -0.0704016 -0.16676 -0.908353
0.0819088 0.994637 0.0631545 1.52354
0.16142 -0.0757704 0.983973 -1.32611

0.984927 -0.0723919 -0.157091 -0.908551
0.0818242 0.99516 0.0544231 1.52361
0.15239 -0.0664566 0.986084 -1.32487

0.986361 -0.0741391 -0.146953 -0.908736
0.0817034 0.995589 0.0461168 1.52367
0.142886 -0.0574944 0.988068 -1.32363

0.987722 -0.0758047 -0.136595 -0.908919
0.0817404 0.995915 0.0383747 1.52372
0.133128 -0.0490689 0.989883 -1.3223

0.989008 -0.0772398 -0.126085 -0.909088
0.0817557 0.996169 0.0310354 1.52376
0.123204 -0.0410024 0.991534 -1.32097

0.990188 -0.0785133 -0.1156 -0.910357
0.0818413 0.996349 0.0243223 1.52373
0.113268 -0.0335445 0.992998 -1.3189

0.991292 -0.0793041 -0.105127 -0.912616
0.0816297 0.9965 0.0179997 1.52366
0.103332 -0.0264244 0.994296 -1.3147

0.99224 -0.0806277 -0.0946559 -0.915742
0.0821145 0.996552 0.011913 1.52357
0.093369 -0.0195932 0.995439 -1.30669

0.993097 -0.0816916 -0.0841734 -0.918798
0.0824786 0.996575 0.00590886 1.52342
0.0834024 -0.0128106 0.996434 -1.29849

0.993886 -0.0822323 -0.0736772 -0.921766
0.0824495 0.996595 -9.37931e-05 1.52323
0.073434 -0.00598143 0.997282 -1.29027

0.99457 -0.0827011 -0.0631701 -0.924648
0.0824805 0.996574 -0.00609643 1.52298
0.0634579 0.000853031 0.997984 -1.28201

0.995112 -0.0835502 -0.0526524 -0.927442
0.0830245 0.996474 -0.0120958 1.52268
0.0534774 0.00766521 0.99854 -1.27372

0.995555 -0.0842406 -0.0421179 -0.930071
0.0835383 0.996339 -0.0181675 1.52234
0.0434942 0.0145683 0.998947 -1.2654

0.995893 -0.0848581 -0.031575 -0.932533
0.0841127 0.996162 -0.0242327 1.52195
0.0335101 0.0214773 0.999208 -1.25706

0.996125 -0.0854027 -0.0210252 -0.934831
0.0847477 0.995942 -0.0302904 1.52151
0.0235267 0.0283912 0.99932 -1.24853

0.996282 -0.0855118 -0.0104711 -0.937039
0.0850808 0.995711 -0.0363418 1.52102
0.0135339 0.0353158 0.999285 -1.23998

0.996334 -0.0855478 8.44264e-05 -0.939157
0.0854745 0.995438 -0.0423878 1.52047
0.00354214 0.0422396 0.999101 -1.23142

0.99625 -0.0858775 0.0105736 -0.941184
0.0862867 0.995131 -0.0476421 1.51988
-0.00643074 0.0483757 0.998809 -1.22283

0.996092 -0.0857841 0.021042 -0.943514
0.0867881 0.994834 -0.0526529 1.51921
-0.0164165 0.0542733 0.998391 -1.21422

0.995798 -0.0859996 0.0314815 -0.946223
0.0876999 0.994495 -0.0573415 1.51845
-0.0263768 0.0598615 0.997858 -1.20558

0.995399 -0.0861566 0.0419185 -0.949234
0.0886584 0.994129 -0.0620188 1.51762
-0.0363291 0.0654499 0.997194 -1.1969

0.994928 -0.0858931 0.0523509 -0.952866
0.0893019 0.99377 -0.0666861 1.51669
-0.0462969 0.0710229 0.9964 -1.18831

0.994352 -0.0855712 0.0627765 -0.956893
0.0899921 0.993384 -0.0713446 1.5157
-0.0562561 0.0765911 0.995474 -1.1799

0.993673 -0.0852448 0.0731266 -0.96132
0.0907248 0.993032 -0.0752116 1.51464
-0.0662056 0.0813702 0.994483 -1.17166

0.992859 -0.0852672 0.0834283 -0.965907
0.0918551 0.992666 -0.0785986 1.51354
-0.0761145 0.0857006 0.993409 -1.16351

0.991943 -0.0852725 0.0936945 -0.970574
0.0930174 0.99231 -0.0816599 1.51241
-0.0860107 0.0897172 0.992246 -1.15539

0.990923 -0.0852363 0.103951 -0.975156
0.0942101 0.991942 -0.084708 1.51124
-0.0958932 0.0937324 0.990969 -1.14722

0.989833 -0.0847983 0.114196 -0.979653
0.0950723 0.991596 -0.0877444 1.51005
-0.105796 0.0977092 0.989576 -1.13901

0.988639 -0.0843192 0.124428 -0.984064
0.0959649 0.991237 -0.0907706 1.50883
-0.115684 0.10168 0.988068 -1.13076

0.987313 -0.0841584 0.134646 -0.988312
0.0972482 0.990832 -0.0937844 1.50758
-0.125518 0.105689 0.986446 -1.12247

0.985916 -0.0835971 0.144848 -0.992473
0.098201 0.990449 -0.0967855 1.50631
-0.135374 0.109647 0.984709 -1.11415

0.984386 -0.0833534 0.155035 -0.996548
0.099544 0.990018 -0.0997734 1.50501
-0.145171 0.113648 0.982858 -1.10579

0.982785 -0.0827104 0.165204 -1.00054
0.100557 0.989612 -0.102748 1.50368
-0.154989 0.117591 0.980893 -1.09739

0.981052 -0.0823837 0.175354 -1.00451
0.101959 0.989156 -0.105709 1.50231
-0.164744 0.121585 0.978814 -1.08894

0.979248 -0.0816592 0.185485 -1.0084
0.103031 0.988726 -0.108655 1.50091
-0.174521 0.125511 0.976621 -1.08046

0.977313 -0.0812499 0.195595 -1.0122
0.104491 0.988246 -0.111587 1.49948
-0.184229 0.129493 0.974316 -1.07194

0.975307 -0.0804442 0.205682 -1.01591
0.105622 0.987792 -0.114504 1.49802
-0.19396 0.133401 0.971897 -1.06338

0.9732 -0.079598 0.215746 -1.01954
0.106781 0.987326 -0.117408 1.49654
-0.203666 0.137299 0.969365 -1.0548

0.970992 -0.0787114 0.225785 -1.02299
0.10797 0.986849 -0.120298 1.49503
-0.213347 0.141187 0.966721 -1.04619

0.968684 -0.0777846 0.235797 -1.02636
0.109187 0.98636 -0.123175 1.49349
-0.223 0.145063 0.963965 -1.03756

0.966276 -0.0768366 0.245776 -1.02964
0.110433 0.98587 -0.125959 1.49193
-0.232625 0.148853 0.961108 -1.0289

0.963769 -0.0758493 0.255727 -1.03283
0.111706 0.985368 -0.128729 1.49034
-0.242221 0.152631 0.95814 -1.02021

0.961162 -0.074823 0.265648 -1.03592
0.113007 0.984856 -0.131484 1.48872
-0.251787 0.156397 0.955062 -1.01149

0.958456 -0.0737576 0.275538 -1.03897
0.114336 0.984333 -0.134224 1.48709
-0.261321 0.160151 0.951873 -1.00289

0.955625 -0.0730015 0.285397 -1.04211
0.11605 0.983757 -0.136946 1.48543
-0.270764 0.163989 0.948575 -0.994307

0.952722 -0.0718586 0.295224 -1.04552
0.117432 0.983213 -0.139651 1.48373
-0.280233 0.167717 0.945167 -0.985827

0.949721 -0.0706533 0.305022 -1.04946
0.118843 0.982646 -0.142417 1.48199
-0.289667 0.171506 0.941636 -0.977454

0.946622 -0.0694088 0.314785 -1.05354
0.120281 0.982069 -0.145166 1.48023
-0.299065 0.17528 0.937996 -0.969222

0.943425 -0.0681251 0.324511 -1.05754
0.121746 0.98148 -0.147899 1.47845
-0.308426 0.179039 0.934248 -0.960953

0.940132 -0.0668284 0.334194 -1.06144
0.123238 0.980893 -0.150537 1.47663
-0.317749 0.18271 0.930405 -0.952649

0.936742 -0.0654937 0.343839 -1.06526
0.124757 0.980295 -0.153157 1.47479
-0.327033 0.186365 0.926454 -0.94431

0.933256 -0.064121 0.353444 -1.069
0.126301 0.979687 -0.155761 1.47292
-0.336277 0.190005 0.922397 -0.935939

0.929673 -0.0627107 0.363008 -1.07264
0.127872 0.979069 -0.158346 1.47103
-0.34548 0.193628 0.918233 -0.927535

0.925996 -0.0612627 0.37253 -1.0762
0.129468 0.97844 -0.160912 1.46911
-0.354641 0.197235 0.913963 -0.9191

0.922223 -0.0597773 0.382009 -1.07967
0.13109 0.977802 -0.163461 1.46715
-0.363758 0.200825 0.909587 -0.910635

0.918356 -0.0582548 0.391445 -1.08306
0.132737 0.977153 -0.16599 1.46518
-0.372832 0.204397 0.905107 -0.90214

0.914395 -0.0566639 0.400839 -1.08635
0.13441 0.976481 -0.168577 1.46317
-0.381859 0.208023 0.900505 -0.893617

0.91034 -0.0550354 0.410187 -1.08955
0.136108 0.975799 -0.171144 1.46113
-0.390841 0.211629 0.895799 -0.885067

0.906191 -0.0533695 0.419487 -1.09267
0.137832 0.975107 -0.173692 1.45907
-0.399775 0.215217 0.890989 -0.876491

0.90195 -0.0516663 0.428738 -1.09569
0.139582 0.974404 -0.176219 1.45698
-0.40866 0.218785 0.886076 -0.867889

0.897617 -0.0499602 0.437936 -1.09863
0.141356 0.973706 -0.17865 1.45486
-0.417495 0.222264 0.881077 -0.859263

0.893192 -0.048218 0.447083 -1.10147
0.143155 0.972998 -0.181059 1.45271
-0.42628 0.225723 0.875976 -0.850614

0.888676 -0.0464399 0.456178 -1.10423
0.144977 0.97228 -0.183448 1.45054
-0.435014 0.229161 0.870774 -0.841943

0.884069 -0.0446261 0.465221 -1.10689
0.146824 0.971553 -0.185816 1.44833
-0.443695 0.232579 0.865472 -0.833251

0.879372 -0.0427768 0.47421 -1.10947
0.148693 0.970817 -0.188162 1.4461
-0.452322 0.235976 0.86007 -0.824538

0.874585 -0.0408922 0.483145 -1.11195
0.150587 0.970071 -0.190486 1.44384
-0.460895 0.239352 0.854568 -0.815806

0.869709 -0.0389341 0.492026 -1.11434
0.152503 0.969302 -0.192865 1.44156
-0.469413 0.242772 0.848948 -0.807056

0.864745 -0.0369405 0.500851 -1.11664
0.154444 0.968522 -0.195221 1.43924
-0.477874 0.24617 0.84323 -0.798289

0.859693 -0.0349115 0.509617 -1.11885
0.156408 0.967734 -0.197555 1.43689
-0.486277 0.249544 0.837414 -0.789506

0.854553 -0.0328475 0.518324 -1.12096
0.158395 0.966936 -0.199866 1.43452
-0.494621 0.252896 0.831501 -0.780708

0.849327 -0.0307898 0.526969 -1.12299
0.160404 0.966145 -0.202077 1.43212
-0.502906 0.256157 0.825511 -0.771896

0.844014 -0.0286981 0.535552 -1.12492
0.162436 0.965345 -0.204265 1.42969
-0.51113 0.259396 0.819426 -0.763071

0.838616 -0.0265728 0.544074 -1.12676
0.164489 0.964536 -0.20643 1.42724
-0.519294 0.26261 0.813247 -0.754233

0.833133 -0.0244141 0.552533 -1.12837
0.166564 0.963719 -0.20857 1.42478
-0.527395 0.265799 0.806973 -0.745468

0.827566 -0.0222222 0.560928 -1.12977
0.168661 0.962894 -0.210687 1.42232
-0.535432 0.268964 0.800606 -0.736779

0.821915 -0.0199529 0.56926 -1.13094
0.170778 0.962043 -0.212855 1.41986
-0.543406 0.272166 0.794126 -0.728169

0.816182 -0.0181468 0.57751 -1.13112
0.172913 0.961371 -0.214165 1.41749
-0.551315 0.274657 0.787791 -0.719888

0.810374 -0.0163118 0.585686 -1.13089
0.174622 0.960909 -0.21485 1.41518
-0.559287 0.276382 0.781544 -0.711831

0.804485 -0.0152212 0.593778 -1.12918
0.176243 0.960769 -0.214155 1.41316
-0.567223 0.276933 0.775607 -0.704759

0.79852 -0.0145654 0.601793 -1.12606
0.177589 0.960913 -0.212386 1.41159
-0.575177 0.276466 0.769895 -0.699138

0.792468 -0.0142039 0.609747 -1.12275
0.179267 0.960994 -0.210602 1.41045
-0.582973 0.276203 0.764104 -0.694987

0.786342 -0.0136298 0.617641 -1.11978
0.180665 0.961125 -0.208802 1.40945
-0.590785 0.275776 0.758235 -0.691345

0.780134 -0.0132027 0.625474 -1.11722
0.18222 0.961224 -0.206988 1.4086
-0.598488 0.275452 0.752289 -0.688264

0.774247 -0.0127082 0.632756 -1.11553
0.18354 0.961341 -0.205274 1.40805
-0.605685 0.275069 0.746648 -0.686265

0.769102 -0.0119367 0.639014 -1.11437
0.184237 0.961524 -0.203783 1.40768
-0.611995 0.27446 0.74171 -0.684922

0.765545 -0.0100532 0.643304 -1.11341
0.183013 0.961975 -0.202756 1.40738
-0.616804 0.272952 0.738275 -0.683817

0.761954 -0.0086648 0.647574 -1.11352
0.182395 0.962307 -0.201735 1.40701
-0.621417 0.271826 0.734814 -0.682536

0.758387 -0.007352 0.651764 -1.11429
0.181842 0.962622 -0.200731 1.40683
-0.625926 0.270749 0.731376 -0.681895

0.754849 -0.00494571 0.65588 -1.11501
0.180656 0.962861 -0.200656 1.40666
-0.630529 0.269954 0.727708 -0.681299

0.75123 -0.00281792 0.660034 -1.11578
0.179836 0.963031 -0.200573 1.40647
-0.635069 0.269374 0.723965 -0.680648

0.74748 -0.000693517 0.664284 -1.11654
0.179047 0.963201 -0.200466 1.40629
-0.6397 0.268782 0.720097 -0.679993

0.742648 0.000728718 0.669682 -1.11754
0.178656 0.963542 -0.19917 1.40605
-0.645412 0.267556 0.715442 -0.679129

0.736072 0.00214007 0.6769 -1.11835
0.178752 0.963883 -0.197425 1.40548
-0.652875 0.266316 0.709105 -0.677067

0.729262 0.00327235 0.684227 -1.11904
0.179228 0.96416 -0.195635 1.40485
-0.660344 0.265302 0.702539 -0.674777

0.722378 0.00432805 0.691485 -1.11928
0.179772 0.964421 -0.19384 1.40396
-0.667721 0.264336 0.695898 -0.671506

0.715417 0.00583111 0.698674 -1.11943
0.179685 0.964797 -0.192043 1.40302
-0.675198 0.262932 0.689184 -0.668069

0.708384 0.00638783 0.705798 -1.12005
0.180013 0.965256 -0.189409 1.40179
-0.682486 0.261227 0.682623 -0.663501

0.701279 0.00766918 0.712846 -1.12101
0.180143 0.965584 -0.187608 1.40038
-0.689751 0.25998 0.675762 -0.658222

0.694104 0.00806354 0.71983 -1.12279
0.180601 0.966007 -0.184968 1.39874
-0.696852 0.258389 0.669053 -0.652054

0.68686 0.00837862 0.726741 -1.12472
0.18112 0.966413 -0.182323 1.39706
-0.70386 0.256858 0.662273 -0.645645

0.679546 0.00873993 0.733581 -1.12658
0.181524 0.966833 -0.179672 1.39537
-0.710821 0.255258 0.655421 -0.639215

0.672165 0.00902319 0.740347 -1.12838
0.181989 0.967236 -0.177017 1.3937
-0.717687 0.25372 0.648499 -0.632764

0.664716 0.00922973 0.747039 -1.12987
0.182515 0.96762 -0.174357 1.39197
-0.724459 0.252243 0.641508 -0.626092

0.657201 0.009421 0.753656 -1.13088
0.183013 0.968002 -0.171691 1.38995
-0.731159 0.250765 0.634448 -0.618243

0.649622 0.00947811 0.760199 -1.1315
0.183661 0.96835 -0.169019 1.38784
-0.73774 0.249417 0.62732 -0.610028

0.641975 0.00963874 0.766665 -1.13155
0.184105 0.968729 -0.166341 1.38564
-0.744294 0.247934 0.620126 -0.601413

0.634266 0.00966797 0.773054 -1.13133
0.184698 0.969073 -0.163658 1.3834
-0.750728 0.246585 0.612865 -0.592651

0.626493 0.00974059 0.779366 -1.1309
0.185176 0.969432 -0.16097 1.38116
-0.757111 0.245166 0.605539 -0.583793

0.618657 0.00979855 0.7856 -1.13025
0.185626 0.969789 -0.158276 1.3789
-0.763418 0.243746 0.598148 -0.574842

0.610758 0.00989775 0.791756 -1.12944
0.185961 0.970162 -0.155578 1.37665
-0.769671 0.242256 0.590693 -0.565848

0.602798 0.00992638 0.797832 -1.1285
0.186357 0.970515 -0.152876 1.37442
-0.775826 0.240835 0.583175 -0.556921

0.594778 0.00994035 0.803828 -1.12753
0.186725 0.970867 -0.15017 1.37223
-0.781903 0.239413 0.575594 -0.548045

0.586699 0.00993964 0.809744 -1.12646
0.187066 0.971217 -0.14746 1.37004
-0.787903 0.23799 0.567952 -0.539176

0.57856 0.00997725 0.815579 -1.12526
0.18729 0.971582 -0.144747 1.36789
-0.793846 0.236495 0.560249 -0.530378

0.570363 0.00999944 0.821332 -1.12391
0.187488 0.971944 -0.142031 1.36574
-0.799709 0.234999 0.552486 -0.521545

0.562108 0.0100062 0.827003 -1.12246
0.187657 0.972305 -0.139314 1.3636
-0.805493 0.233502 0.544663 -0.512723

0.553798 0.00999759 0.832591 -1.12092
0.187799 0.972663 -0.136594 1.36149
-0.811196 0.232005 0.536781 -0.503912

0.545432 0.00997354 0.838096 -1.11925
0.187913 0.973019 -0.133873 1.3594
-0.816819 0.230508 0.528842 -0.495178

0.537011 0.00993408 0.843517 -1.11753
0.188 0.973373 -0.131151 1.35732
-0.822359 0.22901 0.520845 -0.486393

0.528537 0.00987921 0.848853 -1.11572
0.188059 0.973725 -0.128427 1.35525
-0.827818 0.227513 0.512792 -0.477622

0.520011 0.00976126 0.854104 -1.11389
0.188179 0.974057 -0.125703 1.35321
-0.833173 0.226091 0.504683 -0.468906

0.511432 0.00967559 0.859269 -1.11196
0.188182 0.974404 -0.122977 1.35118
-0.838466 0.224594 0.496521 -0.460205

0.502803 0.00952841 0.864349 -1.10995
0.188247 0.974732 -0.120251 1.34917
-0.843654 0.223173 0.488304 -0.451521

0.494125 0.00927598 0.869341 -1.10785
0.188461 0.975023 -0.117523 1.34718
-0.848718 0.221908 0.480035 -0.442854

0.485397 0.00905511 0.874247 -1.10567
0.188559 0.97533 -0.114793 1.34517
-0.853718 0.220567 0.471715 -0.434034

0.476621 0.00882048 0.879065 -1.10354
0.188629 0.975634 -0.112063 1.34315
-0.858633 0.219229 0.463344 -0.425134

0.467797 0.00857212 0.883794 -1.10157
0.188672 0.975935 -0.109331 1.34112
-0.863463 0.217892 0.454923 -0.416121

0.458928 0.00826791 0.888435 -1.09951
0.188776 0.976217 -0.106598 1.3391
-0.868187 0.216636 0.446453 -0.407125

0.450014 0.0079095 0.892987 -1.09739
0.188941 0.97648 -0.103864 1.33709
-0.872805 0.215462 0.437935 -0.398078

0.441056 0.00749869 0.897448 -1.09518
0.189167 0.976724 -0.101128 1.33509
-0.877318 0.21437 0.429371 -0.38905

0.432053 0.00711627 0.90182 -1.09288
0.189276 0.976982 -0.0983897 1.33311
-0.881762 0.213203 0.420761 -0.380041

0.423008 0.00664427 0.906101 -1.09058
0.189536 0.977204 -0.0956494 1.33113
-0.886081 0.212199 0.412106 -0.371017

0.413922 0.00612396 0.910292 -1.0883
0.189857 0.977406 -0.0929061 1.32917
-0.890294 0.211281 0.403408 -0.361974

0.404796 0.00555702 0.91439 -1.086
0.190239 0.977589 -0.090159 1.32722
-0.894399 0.210449 0.394667 -0.352984

0.395629 0.005018 0.918397 -1.08372
0.190505 0.977787 -0.0874086 1.32528
-0.898435 0.20954 0.385885 -0.343975

0.386422 0.00450525 0.922311 -1.08134
0.190654 0.978 -0.0846559 1.32335
-0.902402 0.208555 0.377062 -0.334986

0.377177 0.00394772 0.926133 -1.07886
0.190864 0.978194 -0.0819012 1.32143
-0.90626 0.207657 0.368199 -0.326019

0.367896 0.00331327 0.929861 -1.0763
0.191225 0.97835 -0.0791435 1.31953
-0.909992 0.206929 0.359298 -0.317074

0.358578 0.00267141 0.933496 -1.07362
0.191558 0.978505 -0.0763822 1.31766
-0.913634 0.206208 0.350359 -0.308226

0.349225 0.00199002 0.937037 -1.07087
0.191952 0.978639 -0.0736172 1.31579
-0.917168 0.205575 0.341383 -0.299331

0.339836 0.00136485 0.940484 -1.06803
0.192141 0.978807 -0.0708491 1.31393
-0.920648 0.204782 0.332372 -0.290461

0.330415 0.00067066 0.943836 -1.06508
0.19248 0.978937 -0.0680782 1.3121
-0.924001 0.204163 0.323326 -0.28169

0.32096 0.000670661 0.947092 -1.06213
0.193151 0.978937 -0.0661501 1.32005
-0.927188 0.204163 0.31407 -0.270859

0.311474 0.000670659 0.950255 -1.05941
0.193803 0.978937 -0.0642154 1.32796
-0.930282 0.204163 0.304783 -0.259836

0.301956 0.000670664 0.953322 -1.05678
0.194435 0.978937 -0.0622742 1.33588
-0.933283 0.204163 0.295466 -0.248814

0.292408 0.000670662 0.956293 -1.05407
0.195048 0.978937 -0.0603269 1.34378
-0.936191 0.204163 0.286118 -0.237743

0.282831 0.00150044 0.959169 -1.05127
0.195646 0.978885 -0.0592216 1.35169
-0.939004 0.204407 0.276566 -0.226698

0.277841 0.00251047 0.960624 -1.04838
0.19533 0.978958 -0.0590538 1.35961
-0.940558 0.204046 0.271505 -0.215745

0.275494 0.00349392 0.961296 -1.04553
0.194941 0.979013 -0.0594257 1.35773
-0.941329 0.203767 0.269031 -0.206766

0.274054 0.00445182 0.961704 -1.04265
0.194585 0.97905 -0.0599826 1.35585
-0.941823 0.203572 0.267446 -0.19779

0.272615 0.00528521 0.962109 -1.03977
0.194675 0.978998 -0.0605396 1.35397
-0.942222 0.203803 0.265861 -0.18882

0.271248 0.00626724 0.962489 -1.03687
0.194228 0.979051 -0.0611123 1.35209
-0.942709 0.203519 0.264349 -0.179854

0.269802 0.00651309 0.962894 -1.03393
0.193429 0.979227 -0.0608223 1.35023
-0.943288 0.202662 0.262938 -0.170965

0.268357 0.00668431 0.963296 -1.03091
0.192897 0.97935 -0.0605333 1.34837
-0.943809 0.202061 0.261526 -0.162058

0.265545 0.00687844 0.964074 -1.02763
0.19236 0.97949 -0.0599722 1.35637
-0.944713 0.201375 0.258775 -0.151423

0.261736 0.00730985 0.965112 -1.02429
0.190992 0.979804 -0.0592176 1.3644
-0.946053 0.199828 0.255054 -0.140887

0.257769 0.00778207 0.966175 -1.02091
0.189451 0.98015 -0.0584388 1.37246
-0.947451 0.198106 0.251177 -0.13038

0.252963 0.00810704 0.967442 -1.01749
0.188491 0.98039 -0.0575014 1.38052
-0.948937 0.1969 0.246474 -0.119898

0.24609 0.00842459 0.96921 -1.014
0.187646 0.980629 -0.0561686 1.38861
-0.950909 0.195691 0.239742 -0.109451

0.237598 0.00877634 0.971324 -1.01043
0.186703 0.980902 -0.0545327 1.39671
-0.953252 0.194306 0.231421 -0.0990443

0.228551 0.00909415 0.97349 -1.00678
0.185864 0.981156 -0.0528019 1.40483
-0.955625 0.193005 0.222553 -0.0886813

0.218795 0.00933811 0.975726 -1.00303
0.185313 0.981358 -0.0509461 1.41296
-0.958013 0.191961 0.212985 -0.0783626

0.209009 0.00974642 0.977865 -0.999589
0.183939 0.981711 -0.0490999 1.42114
-0.960459 0.19013 0.203393 -0.068176

0.199203 0.0100989 0.979906 -0.996071
0.182725 0.982027 -0.0472666 1.42933
-0.962772 0.188469 0.193777 -0.0579611

0.189379 0.0103815 0.981849 -0.99248
0.18176 0.982292 -0.0454442 1.43752
-0.964934 0.187067 0.184139 -0.0477163

0.180235 0.0106335 0.983566 -0.988822
0.180835 0.982539 -0.0437597 1.44571
-0.966858 0.18575 0.175165 -0.037439

0.174792 0.0109401 0.984545 -0.985114
0.179377 0.98285 -0.042767 1.45393
-0.968128 0.18408 0.169832 -0.0271953

0.171825 0.0112551 0.985063 -0.981363
0.177717 0.983175 -0.0422328 1.46218
-0.968965 0.182319 0.166934 -0.0170537

0.169089 0.011565 0.985533 -0.977585
0.176045 0.983497 -0.0417454 1.47044
-0.969751 0.180557 0.164263 -0.00693702

0.166425 0.011931 0.985982 -0.973794
0.17401 0.983878 -0.0412768 1.47872
-0.970579 0.17844 0.161666 0.00322819

0.164152 0.0122165 0.986359 -0.970103
0.172404 0.984178 -0.0408814 1.47717
-0.971252 0.176763 0.159449 0.0116031

0.161956 0.012498 0.986719 -0.966392
0.170794 0.984474 -0.0405031 1.47563
-0.971905 0.175085 0.157307 0.0199722

0.159682 0.0127612 0.987086 -0.962741
0.169275 0.984752 -0.0401148 1.47411
-0.972547 0.173494 0.155087 0.028323

0.157401 0.0130927 0.987448 -0.959069
0.167307 0.985104 -0.0397305 1.47261
-0.973259 0.17146 0.152866 0.0366682

0.15512 0.013391 0.987805 -0.955378
0.165516 0.985422 -0.0393506 1.47113
-0.973931 0.169602 0.150643 0.0450077

0.152915 0.013699 0.988144 -0.95159
0.163632 0.985751 -0.0389878 1.46965
-0.974598 0.167653 0.148495 0.0533535

0.150554 0.0139886 0.988503 -0.947782
0.161841 0.986061 -0.0386034 1.4682
-0.975264 0.165792 0.146192 0.0616928

0.147338 0.0142458 0.988984 -0.943947
0.160262 0.98634 -0.0380835 1.46676
-0.976016 0.164108 0.143042 0.0700221

0.143888 0.0144841 0.989488 -0.940082
0.158779 0.986601 -0.0375308 1.46533
-0.976773 0.16251 0.13966 0.0783403

0.140354 0.0147425 0.989992 -0.936209
0.157117 0.986888 -0.0369712 1.46389
-0.977556 0.160733 0.136198 0.0868011

0.136741 0.0149943 0.990493 -0.932337
0.155455 0.987172 -0.0364052 1.46244
-0.978333 0.158956 0.132656 0.0954813

0.132656 0.0161756 0.99103 -0.928596
0.15381 0.987418 -0.0367052 1.4608
-0.979155 0.1573 0.128499 0.105381

0.128256 0.0172598 0.991591 -0.924959
0.152267 0.987651 -0.036886 1.45909
-0.979982 0.155717 0.124044 0.115796

0.123852 0.0183368 0.992131 -0.921276
0.150724 0.98788 -0.0370738 1.4574
-0.980787 0.15413 0.119587 0.126196

0.119522 0.0194849 0.99264 -0.917547
0.149179 0.988104 -0.0373582 1.45573
-0.98156 0.152546 0.115194 0.136583

0.114953 0.0206258 0.993157 -0.913692
0.147644 0.988325 -0.0376145 1.45406
-0.982338 0.150957 0.110566 0.146963

0.109443 0.0217483 0.993755 -0.909778
0.146234 0.98853 -0.0377388 1.45241
-0.983177 0.149451 0.105007 0.157324

0.103845 0.0228817 0.99433 -0.905805
0.144648 0.988759 -0.0378601 1.45077
-0.984019 0.147759 0.0993678 0.167665

0.0982442 0.0239962 0.994873 -0.901774
0.143152 0.988971 -0.0379902 1.44915
-0.984812 0.14615 0.0937255 0.177985

0.0926407 0.0250929 0.995383 -0.897684
0.141746 0.989168 -0.0381287 1.44754
-0.985559 0.144624 0.0880804 0.188284

0.0870327 0.0261809 0.995861 -0.893535
0.140341 0.989363 -0.0382751 1.44594
-0.986271 0.143092 0.0824327 0.198562

0.0814203 0.0272602 0.996307 -0.889328
0.138936 0.989555 -0.0384297 1.44436
-0.986949 0.141552 0.0767825 0.208818

0.0758033 0.0289584 0.996702 -0.885142
0.137534 0.98972 -0.0392155 1.44279
-0.987592 0.140053 0.0710413 0.219046

0.0701788 0.0306545 0.997063 -0.880898
0.136046 0.989894 -0.0400098 1.44123
-0.988214 0.138454 0.0652991 0.229252

0.0645522 0.0323354 0.99739 -0.876595
0.134652 0.990052 -0.0408123 1.43968
-0.988788 0.136935 0.059556 0.239435

0.0589996 0.0340862 0.997676 -0.872157
0.133259 0.990203 -0.0417114 1.43814
-0.989323 0.135411 0.0538793 0.249599

0.053361 0.0358333 0.997932 -0.867658
0.131785 0.990362 -0.0426082 1.43662
-0.989841 0.133786 0.0481244 0.259662

0.0477214 0.0375665 0.998154 -0.862936
0.130405 0.990506 -0.0435133 1.43512
-0.990312 0.132241 0.0423694 0.269552

0.0420778 0.0392908 0.998341 -0.858158
0.12903 0.990645 -0.0444262 1.43363
-0.990748 0.130685 0.0366144 0.279416

0.0364304 0.0410062 0.998495 -0.853325
0.12766 0.990781 -0.0453471 1.43214
-0.991149 0.129119 0.0308597 0.289253

0.0307756 0.0427156 0.998613 -0.848438
0.126204 0.990924 -0.0462761 1.43066
-0.991527 0.127454 0.0251054 0.299143

0.0252039 0.0444104 0.998695 -0.843495
0.124931 0.991041 -0.0472229 1.42919
-0.991845 0.125958 0.0194299 0.309006

0.0195465 0.0460986 0.998746 -0.838495
0.123575 0.991165 -0.0481673 1.42773
-0.992143 0.124362 0.0136771 0.318764

0.0138861 0.0477777 0.998761 -0.83344
0.122225 0.991286 -0.0491194 1.42628
-0.992405 0.122756 0.00792547 0.328495

0.00822744 0.0494465 0.998743 -0.82833
0.120971 0.991392 -0.0500791 1.42484
-0.992622 0.121231 0.00217504 0.338198

0.00295961 0.0510281 0.998693 -0.823169
0.119701 0.991498 -0.0510152 1.4234
-0.992806 0.119696 -0.00317368 0.347875

-0.00168574 0.0526807 0.99861 -0.817963
0.118314 0.991608 -0.0521116 1.422
-0.992975 0.118062 -0.00790446 0.357373

-0.00601888 0.0543257 0.998505 -0.812716
0.116915 0.991713 -0.0532515 1.42061
-0.993124 0.11642 -0.0123205 0.366771

-0.0102756 0.0559636 0.99838 -0.807274
0.115517 0.991814 -0.0544066 1.41923
-0.993252 0.114771 -0.0166562 0.375989

-0.014613 0.0575942 0.998233 -0.801715
0.114128 0.991911 -0.0555587 1.41788
-0.993359 0.113114 -0.0210679 0.385026

-0.0189418 0.0592205 0.998065 -0.795961
0.112924 0.991984 -0.0567165 1.41652
-0.993423 0.111631 -0.0254774 0.394035

-0.0232831 0.0608363 0.997876 -0.790167
0.111544 0.992072 -0.0578798 1.41517
-0.993487 0.10996 -0.0298845 0.403021

-0.0275477 0.0624448 0.997668 -0.784336
0.110165 0.992157 -0.059058 1.41383
-0.993532 0.108281 -0.0342108 0.411983

-0.0318867 0.0640485 0.997437 -0.778465
0.108885 0.992228 -0.0602331 1.41249
-0.993543 0.106685 -0.0386128 0.42092

-0.0361487 0.0655668 0.997193 -0.772557
0.107605 0.992299 -0.0613443 1.41115
-0.993536 0.105086 -0.0429256 0.429833

-0.0404904 0.0671564 0.996921 -0.766611
0.106335 0.992362 -0.0625305 1.40982
-0.993506 0.103476 -0.0473223 0.438721

-0.044755 0.068739 0.99663 -0.760626
0.105065 0.992421 -0.0637306 1.4085
-0.993458 0.101858 -0.0516378 0.447585

-0.0490144 0.0703187 0.99632 -0.754605
0.10389 0.992467 -0.0649359 1.40718
-0.99338 0.100324 -0.0559505 0.456424

-0.0532812 0.071887 0.995989 -0.748545
0.102629 0.992518 -0.0661463 1.40586
-0.993292 0.0986933 -0.0602603 0.465238

-0.0575424 0.0734533 0.995637 -0.742449
0.101464 0.992556 -0.0673619 1.40455
-0.993174 0.0971454 -0.0645669 0.474027

-0.0618827 0.0750127 0.995261 -0.736314
0.10031 0.99259 -0.0685744 1.40324
-0.99303 0.0955906 -0.0689487 0.48279

-0.0662168 0.0765709 0.994863 -0.730142
0.0992503 0.992612 -0.0697917 1.40194
-0.992857 0.094119 -0.0733273 0.491526

-0.0705583 0.0781163 0.994444 -0.723932
0.0981059 0.992639 -0.0710137 1.40064
-0.992672 0.0925502 -0.0777026 0.500237

-0.0749002 0.0796548 0.994005 -0.717685
0.0969666 0.992662 -0.0722406 1.39934
-0.992465 0.0909744 -0.0820745 0.508922

-0.0792424 0.0811079 0.99355 -0.711413
0.0958324 0.992688 -0.0733942 1.39806
-0.992238 0.0893984 -0.0864357 0.517423

-0.0835921 0.0824683 0.993082 -0.70496
0.0946126 0.992725 -0.0744747 1.39679
-0.991998 0.0877326 -0.0907864 0.525728

-0.0880045 0.0832116 0.992638 -0.698471
0.0935824 0.992788 -0.0749273 1.39553
-0.991714 0.0862996 -0.095157 0.534005

-0.0924232 0.0830803 0.992248 -0.69186
0.092462 0.992923 -0.0745245 1.39427
-0.991418 0.0848574 -0.0994509 0.542325

-0.0968399 0.0829427 0.991838 -0.685211
0.0913396 0.993057 -0.0741266 1.39301
-0.9911 0.0834156 -0.103744 0.550617

-0.101333 0.0827986 0.991401 -0.678447
0.090221 0.993189 -0.0737263 1.39177
-0.990753 0.0819744 -0.108113 0.558872

-0.105816 0.0826574 0.990944 -0.671653
0.0891909 0.993311 -0.0733308 1.39054
-0.990378 0.0806237 -0.11248 0.567019

-0.110296 0.0814959 0.990552 -0.664821
0.0881566 0.993507 -0.071923 1.38933
-0.989981 0.0793909 -0.116764 0.575138

-0.114858 0.0802405 0.990136 -0.65797
0.0870309 0.993713 -0.0704346 1.38816
-0.989562 0.0780824 -0.12112 0.583072

-0.119417 0.078901 0.989704 -0.651081
0.085898 0.993921 -0.0688728 1.387
-0.989121 0.076789 -0.125468 0.590976

-0.123964 0.0773328 0.989269 -0.644165
0.0848477 0.994133 -0.0670809 1.38587
-0.988653 0.0756215 -0.129798 0.598773

-0.128585 0.0756031 0.988812 -0.637212
0.0837939 0.994352 -0.0651302 1.38476
-0.988152 0.0744817 -0.134194 0.606539

-0.133123 0.0736345 0.98836 -0.630232
0.0827253 0.994582 -0.0629556 1.38368
-0.987641 0.0733816 -0.138493 0.614198

-0.137657 0.0712714 0.987912 -0.623216
0.0816458 0.99483 -0.0603939 1.38262
-0.987109 0.0723453 -0.142764 0.621827

-0.142185 0.0685144 0.987466 -0.616176
0.0805536 0.995094 -0.0574447 1.38159
-0.986557 0.0713762 -0.147006 0.629349

-0.146713 0.0654282 0.987013 -0.609122
0.0793565 0.995372 -0.0541865 1.38061
-0.985991 0.0703761 -0.151226 0.636685

-0.151306 0.062195 0.986528 -0.601758
0.0782388 0.995641 -0.0507698 1.37966
-0.985386 0.069503 -0.155513 0.64371

-0.155965 0.0588156 0.98601 -0.594122
0.0771991 0.995898 -0.0471943 1.37876
-0.984741 0.0687585 -0.159865 0.650186

-0.160777 0.0551848 0.985447 -0.586389
0.0760585 0.996159 -0.0433756 1.3779
-0.984056 0.0679778 -0.164357 0.656538

-0.165814 0.051239 0.984825 -0.578621
0.0749082 0.996418 -0.03923 1.37708
-0.983308 0.0672666 -0.169058 0.662853

-0.171225 0.0471489 0.984103 -0.570831
0.0738414 0.996659 -0.0349027 1.37629
-0.982461 0.0666913 -0.174134 0.66905

-0.176937 0.0428999 0.983287 -0.563018
0.0727606 0.996886 -0.0304003 1.37555
-0.981529 0.0661656 -0.179507 0.675128

-0.183573 0.0384592 0.982253 -0.555162
0.0714981 0.99711 -0.0256786 1.37485
-0.980402 0.0655154 -0.185793 0.681155

-0.190965 0.0338756 0.981012 -0.54726
0.0703121 0.997309 -0.0207513 1.3742
-0.979075 0.0650142 -0.192833 0.687127

-0.199499 0.0293645 0.979458 -0.539228
0.0691105 0.997483 -0.0158283 1.37358
-0.977458 0.0645331 -0.201026 0.693016

-0.208935 0.0247715 0.977616 -0.531138
0.067878 0.997635 -0.0107719 1.373
-0.975571 0.064108 -0.210123 0.698831

-0.218734 0.0201544 0.975576 -0.522989
0.0665093 0.99777 -0.0057009 1.37247
-0.973515 0.0636379 -0.219586 0.704567

-0.228492 0.015695 0.973419 -0.514859
0.0658153 0.997832 -0.00063976 1.37198
-0.971319 0.0639197 -0.229029 0.710241

-0.238234 0.0110686 0.971145 -0.506673
0.0643451 0.997918 0.00441088 1.37154
-0.969074 0.0635392 -0.23845 0.715837

-0.247945 0.00646043 0.968753 -0.49843
0.062915 0.997974 0.00944734 1.37113
-0.966729 0.0632915 -0.247849 0.721353

-0.257625 0.00184983 0.966243 -0.490132
0.0614347 0.998006 0.0144694 1.37077
-0.96429 0.0630885 -0.257225 0.726789

-0.267274 -0.00276262 0.963617 -0.48178
0.0599041 0.998014 0.0194766 1.37046
-0.961757 0.0629302 -0.266578 0.732144

-0.276889 -0.00737637 0.960874 -0.473375
0.0583236 0.997998 0.0244681 1.37019
-0.95913 0.0628165 -0.275905 0.737419

-0.286471 -0.0117642 0.958017 -0.464917
0.0566944 0.997964 0.0292078 1.36996
-0.95641 0.0626814 -0.28522 0.742611

-0.296017 -0.0160777 0.955047 -0.456334
0.0550184 0.997911 0.0338522 1.36978
-0.953597 0.062566 -0.294514 0.747698

-0.305528 -0.0202142 0.951968 -0.447701
0.0533876 0.997838 0.0383226 1.36964
-0.950685 0.062532 -0.303789 0.752702

-0.315002 -0.0241542 0.948784 -0.439019
0.0516228 0.99776 0.0425401 1.36955
-0.947686 0.0623791 -0.313049 0.757621

-0.32444 -0.0276186 0.945503 -0.430364
0.0499091 0.997681 0.0462686 1.36948
-0.944589 0.0622006 -0.322309 0.762481

-0.333841 -0.0309357 0.942122 -0.421661
0.048159 0.997596 0.0498224 1.36946
-0.941398 0.0620044 -0.331548 0.767256

-0.343206 -0.0342233 0.938637 -0.412912
0.0464644 0.997494 0.0533587 1.36946
-0.93811 0.0619262 -0.340756 0.771945

-0.352528 -0.0375428 0.935048 -0.404118
0.0446439 0.997383 0.056877 1.36951
-0.934736 0.0617949 -0.34993 0.77655

-0.36181 -0.0408629 0.931356 -0.39528
0.0427884 0.997258 0.0603767 1.36959
-0.931269 0.0616962 -0.35907 0.781068

-0.371054 -0.04415 0.927561 -0.386398
0.040989 0.997117 0.0638576 1.36971
-0.927706 0.0617144 -0.368175 0.785499

-0.380256 -0.0474362 0.923664 -0.377521
0.0391549 0.996963 0.06732 1.36988
-0.924052 0.0617648 -0.377244 0.789523

-0.389392 -0.0508961 0.919665 -0.368822
0.0368333 0.996813 0.070761 1.37025
-0.920335 0.0614281 -0.386277 0.790733

-0.398511 -0.0541435 0.915564 -0.35996
0.0350214 0.99663 0.0741809 1.3708
-0.916495 0.0616263 -0.395272 0.78965

-0.407574 -0.0574614 0.911362 -0.351088
0.0329945 0.99644 0.0775811 1.37142
-0.912576 0.06169 -0.404227 0.787954

-0.416586 -0.0608152 0.90706 -0.342235
0.0308432 0.99624 0.0809597 1.37207
-0.908573 0.0617033 -0.413144 0.78617

-0.425555 -0.0641296 0.902658 -0.333404
0.0287492 0.996024 0.0843165 1.37275
-0.904476 0.061832 -0.422019 0.784301

-0.434475 -0.0673708 0.898161 -0.324593
0.0266224 0.995802 0.0875731 1.37347
-0.90029 0.0619595 -0.430857 0.782344

-0.443352 -0.0702877 0.893588 -0.315805
0.0245555 0.995594 0.0904945 1.37422
-0.896011 0.0620634 -0.439673 0.780301

-0.45218 -0.0729922 0.888935 -0.30704
0.0224609 0.995398 0.0931594 1.375
-0.891644 0.0620911 -0.448459 0.778172

-0.460958 -0.0755561 0.8842 -0.298298
0.0203408 0.995208 0.095646 1.3758
-0.887189 0.0620741 -0.457212 0.775956

-0.469684 -0.0780499 0.879377 -0.289581
0.0181965 0.995017 0.0980326 1.37663
-0.882647 0.062046 -0.465924 0.773654

-0.478367 -0.0805002 0.874463 -0.28089
0.0161192 0.994817 0.100398 1.37748
-0.878012 0.0621225 -0.47459 0.771267

-0.486997 -0.082949 0.869456 -0.27211
0.0140186 0.994609 0.102741 1.37835
-0.873291 0.0622233 -0.483209 0.768999

-0.495574 -0.085396 0.864357 -0.263278
0.0118949 0.994394 0.105063 1.37925
-0.868484 0.0623481 -0.491781 0.766782

-0.504105 -0.0877956 0.859168 -0.25447
0.00983876 0.994171 0.107364 1.38017
-0.863586 0.0625759 -0.500303 0.764478

-0.512589 -0.0901459 0.853889 -0.245688
0.00785033 0.99394 0.109644 1.38112
-0.858598 0.0629056 -0.508775 0.762087

-0.52101 -0.0925392 0.848519 -0.236893
0.00574903 0.993703 0.111903 1.38209
-0.853531 0.0631807 -0.517197 0.759677

-0.529374 -0.0949955 0.843053 -0.228165
0.00362511 0.993449 0.114218 1.38309
-0.848381 0.0635204 -0.525562 0.757113

-0.53768 -0.0974475 0.837499 -0.219467
0.0014784 0.993188 0.116512 1.38411
-0.843148 0.0638844 -0.533874 0.754463

-0.545928 -0.0998293 0.831863 -0.210798
-0.000690488 0.992929 0.118705 1.38516
-0.837832 0.0642302 -0.542137 0.751727

-0.554126 -0.102092 0.826148 -0.20216
-0.00279026 0.992673 0.120798 1.38624
-0.832428 0.0646324 -0.550351 0.748906

-0.562257 -0.103492 0.820461 -0.193507
-0.00499548 0.992545 0.121775 1.38732
-0.826948 0.0643705 -0.558582 0.746064

-0.570319 -0.10411 0.814799 -0.184884
-0.00729547 0.992538 0.121714 1.38841
-0.821391 0.0634715 -0.566823 0.743134

-0.578334 -0.104684 0.809056 -0.176292
-0.00950446 0.99253 0.12163 1.38951
-0.815745 0.0626532 -0.575009 0.740119

-0.58629 -0.105266 0.803233 -0.167731
-0.0117125 0.992519 0.121524 1.39061
-0.810016 0.0618405 -0.583138 0.737017

-0.594189 -0.104911 0.797454 -0.159248
-0.0139136 0.992649 0.120223 1.39171
-0.804205 0.0603399 -0.591281 0.733766

-0.602039 -0.104328 0.791622 -0.15075
-0.0160102 0.992805 0.118666 1.39279
-0.798306 0.0587677 -0.599377 0.730492

-0.609831 -0.103761 0.78571 -0.142236
-0.0180913 0.992957 0.117088 1.39387
-0.792325 0.0571896 -0.607413 0.727194

-0.617564 -0.103209 0.77972 -0.13356
-0.0201566 0.993104 0.11549 1.39495
-0.786263 0.0556056 -0.615385 0.724058

-0.625246 -0.102617 0.773652 -0.124571
-0.022116 0.993249 0.11387 1.39603
-0.780114 0.0540868 -0.623295 0.721264

-0.632868 -0.102039 0.767506 -0.115161
-0.0240592 0.993391 0.112231 1.39712
-0.773886 0.052562 -0.63114 0.718927

-0.640447 -0.10136 0.761284 -0.105573
-0.0258054 0.993533 0.110574 1.39821
-0.767569 0.0511714 -0.638921 0.716738

-0.647964 -0.100696 0.754985 -0.0959131
-0.0275349 0.993671 0.108899 1.39929
-0.761173 0.0497739 -0.646636 0.714682

-0.655409 -0.100104 0.748611 -0.0862438
-0.0293381 0.993804 0.107206 1.40035
-0.754704 0.0483006 -0.654285 0.712922

-0.662772 -0.0996463 0.742162 -0.0766507
-0.0313048 0.993927 0.105493 1.4014
-0.748167 0.0466848 -0.661866 0.711116

-0.670115 -0.0989017 0.735638 -0.0670756
-0.0328028 0.994061 0.103764 1.40244
-0.741532 0.0454028 -0.66938 0.709213

-0.677385 -0.098231 0.729041 -0.057462
-0.0343738 0.994188 0.102019 1.40348
-0.734825 0.0440461 -0.676825 0.707161

-0.684588 -0.0976308 0.722362 -0.0479258
-0.0359278 0.994305 0.100336 1.40451
-0.728044 0.0427361 -0.684197 0.705065

-0.691734 -0.0970375 0.715603 -0.0384105
-0.0373749 0.994413 0.0987167 1.40553
-0.721185 0.0415401 -0.691496 0.702874

-0.698856 -0.0961401 0.708772 -0.0290271
-0.0383538 0.994537 0.0970849 1.40653
-0.714234 0.0406642 -0.698725 0.700473

-0.705909 -0.0952514 0.701869 -0.0198898
-0.0393165 0.994658 0.0954433 1.40752
-0.707211 0.0397792 -0.705883 0.697756

-0.712927 -0.0941133 0.694894 -0.0108367
-0.0399008 0.994792 0.0937938 1.40849
